#Hummingbird parameters
inertia : [ 0.0337 , 0.000000 , 0.000000 , 0.000000 , 0.0337 , 0.000000 , 0.000000 , 0.000000 , 0.0185]
allocation_matrix: [ 1.0 , -1.0 , 1.0 , 1.0 , 1.0 , 1.0 , -1.0 , 1.0, -1.0, 1.0, 1.0, 1.0, -1.0, -1.0, -1.0, 1.0]
n_rotors: 4

rotor_force_constant: 8.54858e-6
rotor_moment_constant: 0.016000
arm_length: 0.225

roll_gain: 200
pitch_gain: 200
roll_int_gain: 1.0
pitch_int_gain: 1.0
p_gain: 29
q_gain: 29
r_gain: 5

max_integrator_error: 0.6

# [ 1.0 , -1.0 , 1.0 , 1.0 , 
# 1.0 , 1.0 , -1.0 , 1.0, 
# -1.0, 1.0, 1.0, 1.0, 
# -1.0, 1.0, -1.0, 1.0]